GW1 =  [18, 18, 16, 18, 18, 18, 18, 16, 16, 16, 16, 16, 
18, 18, 18, 16, 18, 18, 16, 16, 20, 18, 20, 20, 20, 18, 18,
 18, 18, 18, 20, 20, 18, 20, 18, 18, 20, 18, 20, 20, 22, 22, 20,
  22, 22, 22, 22, 20, 20, 20, 20, 20, 22, 22, 22, 20, 20, 22, 20,
   20, 24, 22, 22, 24, 22, 22, 20, 24, 22, 22, 22, 22, 22, 24, 22,}
    22, 22, 22, 24, 22, 24, 24, 24, 24, 26, 24, 24, 24, 24, 24, 24, 
    26, 26, 24, 24, 24, 24, 22, 22, 24, 26, 26, 24, 26, 28, 26, 26, 26,
     24, 26, 26, 26, 26, 28, 26, 26, 26, 26, 26, 26, 28, 28, 28, 28, 28,
      26, 28, 28, 28, 28, 28, 28, 28, 26, 30, 28, 28, 28, 28, 28]  // 11-17 nodos, 140 grafos



QAOA1 = [18, 18, 16, 18, 16, 18, 18, 16, 16, 
16, 16, 16, 18, 18, 18, 16, 18, 18, 16, 16,
 20, 18, 20, 18, 20, 18, 18, 18, 18, 18, 20, 20, 18, 20, 
 18, 18, 20, 18, 20, 20, 22, 22, 20, 22, 22, 18, 22, 18, 20, 
 20, 20, 20, 22, 18, 22, 20, 20, 20, 20, 20, 20, 22, 18, 24, 
 22, 22, 20, 24, 22, 20, 20, 22, 22, 24, 22, 20, 20, 20, 24, 22, 
 18, 24, 24, 24, 26, 24, 24, 24, 20, 24, 24, 26, 26, 24, 24, 22, 
 20, 22, 22, 24, 26, 26, 24, 26, 28, 26, 26, 26, 24, 24, 26, 24, 
 26, 28, 20, 20, 22, 26, 24, 20, 28,
 24, 28, 22, 28, 22,28, 28, 28, 28, 28, 28, 28, 26, 30, 28, 28, 28, 28, 28]  // 11-17 nodos, 140 grafos

GW2= [28, 30, 32, 30, 30, 30, 30, 28, 30, 30, 28, 30, 28, 28, 30, 30, 28, 30, 32, 30]  // 18 nodos, 20 grafos

QAOA2 = [24, 30, 32, 30, 30, 30, 30, 28, 30, 30, 28, 30, 28, 28, 30, 30, 28, 30, 32, 30] // 18 nodos , 20 grafos


QAOA3 = [22, 28, 30, 30, 34, 30, 30, 30, 32, 30, 30, 30, 32, 32, 30, 30, 30, 30, 30, 32] //19 Nodos, 20 grafos

GW3 = [32, 30, 30, 30, 34, 30, 30, 30, 32, 30, 30, 30, 32, 32, 30, 30, 30, 30, 30, 32] //19 Nodos, 20 grafos

GW4 = [32, 34, 34, 32, 32, 34, 32, 34, 32, 32, 34, 34, 34, 32, 32, 30, 34, 32, 32, 34] // 20 nodos, 20 grafos

QAOA4 = [-1, 34, 34, 32, 32, 34, 32, 34, 32, 32, 34, 34, 34, 32, 32, 30, 34, 32, 32, 34] // 20 nodos, 20 grafos